[gd_scene format=3 uid="uid://cd2nb7coophst"]

[ext_resource type="PackedScene" uid="uid://bn1txwbafjqcu" path="res://Prefabs/niko_cube.tscn" id="1_l6lyr"]
[ext_resource type="PhysicsMaterial" uid="uid://w6krwx63pa8g" path="res://Data/phymat/bouncy.phymat" id="1_q14eo"]

[sub_resource type="BoxShape3D" id="BoxShape3D_q14eo"]
size = Vector3(4, 0.5, 4)

[sub_resource type="BoxMesh" id="BoxMesh_73seo"]
size = Vector3(4, 0.5, 4)

[sub_resource type="ProceduralSkyMaterial" id="ProceduralSkyMaterial_l6lyr"]

[sub_resource type="Sky" id="Sky_q14eo"]
sky_material = SubResource("ProceduralSkyMaterial_l6lyr")

[sub_resource type="Environment" id="Environment_73seo"]
background_mode = 2
sky = SubResource("Sky_q14eo")
ambient_light_source = 3
ambient_light_color = Color(1, 1, 1, 1)

[node name="PlaceholderScene" type="Node3D" unique_id=1074968333]

[node name="floor" type="StaticBody3D" parent="." unique_id=1296672979]
physics_material_override = ExtResource("1_q14eo")

[node name="CollisionShape3D" type="CollisionShape3D" parent="floor" unique_id=928524062]
shape = SubResource("BoxShape3D_q14eo")

[node name="MeshInstance3D" type="MeshInstance3D" parent="floor" unique_id=153530234]
mesh = SubResource("BoxMesh_73seo")

[node name="Camera3D" type="Camera3D" parent="." unique_id=1959495423]
transform = Transform3D(0.8608309, 0.294371, -0.41510954, 0, 0.8157139, 0.5784557, 0.50889117, -0.49795255, 0.70219165, -1.2093222, 2.2250555, 1.8858578)

[node name="WorldEnvironment" type="WorldEnvironment" parent="." unique_id=1455949266]
environment = SubResource("Environment_73seo")

[node name="DirectionalLight3D" type="DirectionalLight3D" parent="." unique_id=959518629]
transform = Transform3D(0.87497485, -2.1163672e-08, 0.48416838, -0.48416838, -3.8246366e-08, 0.87497485, 0, -1, -4.371139e-08, 1.1232243, 8.106409, 0)
shadow_enabled = true

[node name="the nikos =3" type="Node3D" parent="." unique_id=678918282]

[node name="niko" parent="the nikos =3" unique_id=539858673 instance=ExtResource("1_l6lyr")]
transform = Transform3D(0.87225705, 0.48901987, 0.005212427, -0.4345102, 0.77004975, 0.46714503, 0.22442932, -0.40973535, 0.88416535, 0.5207777, 1.471777, 0.16149765)

[node name="niko2" parent="the nikos =3" unique_id=780024304 instance=ExtResource("1_l6lyr")]
transform = Transform3D(0.7711248, -0.63668406, 0, 0.6177718, 0.7482191, -0.2419219, 0.15402782, 0.18655197, 0.9702957, 0.6538869, 1.2646573, -0.6823442)

[node name="niko3" parent="the nikos =3" unique_id=1042739527 instance=ExtResource("1_l6lyr")]
transform = Transform3D(1, 0, 0, 0, 1, 0, 0, 0, 1, -0.3282417, 1.0770122, -0.011435285)

[node name="niko4" parent="the nikos =3" unique_id=563137507 instance=ExtResource("1_l6lyr")]
transform = Transform3D(0.80948865, -0.58713555, 0, 0.58713555, 0.80948865, 0, 0, 0, 1, 0.0055369586, 1.4500812, -0.67284334)

[node name="niko5" parent="the nikos =3" unique_id=1594576104 instance=ExtResource("1_l6lyr")]
transform = Transform3D(0.98462844, -0.16444445, -0.05886345, 0.17466219, 0.92702764, 0.3318327, 0, -0.33701313, 0.94149995, -0.4093786, 1.59631, 0.64658755)

[node name="niko6" parent="the nikos =3" unique_id=1056645510 instance=ExtResource("1_l6lyr")]
transform = Transform3D(1, 0, 0, 0, 1, 0, 0, 0, 1, -0.03358251, 1.9235649, -0.10987687)

[node name="niko7" parent="the nikos =3" unique_id=1136319681 instance=ExtResource("1_l6lyr")]
transform = Transform3D(1, 0, 0, 0, 1, 0, 0, 0, 1, 0.5864008, 1.6868901, 1.1971605)

[node name="niko8" parent="the nikos =3" unique_id=883480298 instance=ExtResource("1_l6lyr")]
transform = Transform3D(1, 0, 0, 0, 0.9378829, 0.34695202, 0, -0.34695202, 0.9378829, -1.1483833, 1.3546939, 1.4285632)

[node name="niko9" parent="the nikos =3" unique_id=1978255454 instance=ExtResource("1_l6lyr")]
transform = Transform3D(0.8973354, -0.44134924, 0, 0.44134924, 0.8973354, 0, 0, 0, 1, 1.303399, 1.3200171, 0.115534425)

[node name="niko10" parent="the nikos =3" unique_id=1765028207 instance=ExtResource("1_l6lyr")]
transform = Transform3D(1, 0, 0, 0, 0.9345341, -0.35587367, 0, 0.35587367, 0.9345341, -1.3322033, 1.3566831, -0.6293186)

[node name="niko11" parent="the nikos =3" unique_id=180503929 instance=ExtResource("1_l6lyr")]
transform = Transform3D(0.87225705, 0.48901987, 0.005212427, -0.4345102, 0.77004975, 0.46714503, 0.22442932, -0.40973535, 0.88416535, 0.5207777, 2.8245988, 0.16149765)

[node name="niko12" parent="the nikos =3" unique_id=2126845777 instance=ExtResource("1_l6lyr")]
transform = Transform3D(0.7711248, -0.63668406, 0, 0.6177718, 0.7482191, -0.2419219, 0.15402782, 0.18655197, 0.9702957, 0.6538869, 2.617479, -0.6823442)

[node name="niko13" parent="the nikos =3" unique_id=206476968 instance=ExtResource("1_l6lyr")]
transform = Transform3D(1, 0, 0, 0, 1, 0, 0, 0, 1, -0.3282417, 2.429834, -0.011435285)

[node name="niko14" parent="the nikos =3" unique_id=1160591230 instance=ExtResource("1_l6lyr")]
transform = Transform3D(0.80948865, -0.58713555, 0, 0.58713555, 0.80948865, 0, 0, 0, 1, 0.0055369586, 2.8029032, -0.67284334)

[node name="niko15" parent="the nikos =3" unique_id=1009975230 instance=ExtResource("1_l6lyr")]
transform = Transform3D(0.98462844, -0.16444445, -0.05886345, 0.17466219, 0.92702764, 0.3318327, 0, -0.33701313, 0.94149995, -0.4093786, 2.949132, 0.64658755)

[node name="niko16" parent="the nikos =3" unique_id=632176671 instance=ExtResource("1_l6lyr")]
transform = Transform3D(1, 0, 0, 0, 1, 0, 0, 0, 1, -0.03358251, 3.2763867, -0.10987687)

[node name="niko17" parent="the nikos =3" unique_id=1773122998 instance=ExtResource("1_l6lyr")]
transform = Transform3D(1, 0, 0, 0, 1, 0, 0, 0, 1, 0.5864008, 3.039712, 1.1971605)

[node name="niko18" parent="the nikos =3" unique_id=426029891 instance=ExtResource("1_l6lyr")]
transform = Transform3D(1, 0, 0, 0, 0.9378829, 0.34695202, 0, -0.34695202, 0.9378829, -1.1483833, 2.7075157, 1.4285632)

[node name="niko19" parent="the nikos =3" unique_id=1937223016 instance=ExtResource("1_l6lyr")]
transform = Transform3D(0.8973354, -0.44134924, 0, 0.44134924, 0.8973354, 0, 0, 0, 1, 1.303399, 2.672839, 0.115534425)

[node name="niko20" parent="the nikos =3" unique_id=342771550 instance=ExtResource("1_l6lyr")]
transform = Transform3D(1, 0, 0, 0, 0.9345341, -0.35587367, 0, 0.35587367, 0.9345341, -1.3322033, 2.709505, -0.6293186)

[node name="niko21" parent="the nikos =3" unique_id=1217759742 instance=ExtResource("1_l6lyr")]
transform = Transform3D(0.87225705, 0.48901987, 0.005212427, -0.4345102, 0.77004975, 0.46714503, 0.22442932, -0.40973535, 0.88416535, 0.5207777, 4.061415, 0.16149765)

[node name="niko22" parent="the nikos =3" unique_id=321723560 instance=ExtResource("1_l6lyr")]
transform = Transform3D(0.7711248, -0.63668406, 0, 0.6177718, 0.7482191, -0.2419219, 0.15402782, 0.18655197, 0.9702957, 0.6538869, 3.8542955, -0.6823442)

[node name="niko23" parent="the nikos =3" unique_id=1423222165 instance=ExtResource("1_l6lyr")]
transform = Transform3D(1, 0, 0, 0, 1, 0, 0, 0, 1, -0.3282417, 3.6666503, -0.011435285)

[node name="niko24" parent="the nikos =3" unique_id=1258263859 instance=ExtResource("1_l6lyr")]
transform = Transform3D(0.80948865, -0.58713555, 0, 0.58713555, 0.80948865, 0, 0, 0, 1, 0.0055369586, 4.0397196, -0.67284334)

[node name="niko25" parent="the nikos =3" unique_id=383772561 instance=ExtResource("1_l6lyr")]
transform = Transform3D(0.98462844, -0.16444445, -0.05886345, 0.17466219, 0.92702764, 0.3318327, 0, -0.33701313, 0.94149995, -0.4093786, 4.1859484, 0.64658755)

[node name="niko26" parent="the nikos =3" unique_id=2066427086 instance=ExtResource("1_l6lyr")]
transform = Transform3D(1, 0, 0, 0, 1, 0, 0, 0, 1, -0.03358251, 4.513203, -0.10987687)

[node name="niko27" parent="the nikos =3" unique_id=1997106898 instance=ExtResource("1_l6lyr")]
transform = Transform3D(1, 0, 0, 0, 1, 0, 0, 0, 1, 0.5864008, 4.2765284, 1.1971605)

[node name="niko28" parent="the nikos =3" unique_id=409580873 instance=ExtResource("1_l6lyr")]
transform = Transform3D(1, 0, 0, 0, 0.9378829, 0.34695202, 0, -0.34695202, 0.9378829, -1.1483833, 3.9443321, 1.4285632)

[node name="niko29" parent="the nikos =3" unique_id=792038957 instance=ExtResource("1_l6lyr")]
transform = Transform3D(0.8973354, -0.44134924, 0, 0.44134924, 0.8973354, 0, 0, 0, 1, 1.303399, 3.9096553, 0.115534425)

[node name="niko30" parent="the nikos =3" unique_id=1093890433 instance=ExtResource("1_l6lyr")]
transform = Transform3D(1, 0, 0, 0, 0.9345341, -0.35587367, 0, 0.35587367, 0.9345341, -1.3322033, 3.9463215, -0.6293186)
